{
 "cells": [
  {
   "cell_type": "markdown",
   "metadata": {},
   "source": [
    "# Fermipy tutorial"
   ]
  },
  {
   "cell_type": "markdown",
   "metadata": {},
   "source": [
    "This tutorial shows how to perform Fermi-LAT analysis with the Fermipy Python package. \n",
    "Many parts of this tutorial are taken directly from the documentation page of Fermipy: [fermipy.readthedocs](http://fermipy.readthedocs.io/en/latest/).\n",
    "I suggest to visit the documentation page to find further informations.\n",
    "\n",
    "Fermipy is a python package created by Mattew Wood and maintained by a wide community of people. Fermipy facilitates analysis of data from the Large Area Telescope (LAT) with the Fermi Science Tools.\n",
    "The Fermipy package is built on the pyLikelihood interface of the Fermi Science Tools and provides a set of high-level tools for performing common analysis tasks:\n",
    "* Data and model preparation with the gt-tools (gtselect, gtmktime, etc.).\n",
    "* Extracting a spectral energy distribution (SED) of a source.\n",
    "* Generating TS and residual maps for a region of interest.\n",
    "* Finding new source candidates.\n",
    "* Localizing a source or fitting its spatial extension.\n",
    "* Perfoming phase analysis\n",
    "* Calculating light curves\n",
    "* Deriving the sensitivity of gamma-ray sources with a specific SED and spatial morphology."
   ]
  },
  {
   "cell_type": "markdown",
   "metadata": {},
   "source": [
    "# Installation"
   ]
  },
  {
   "cell_type": "markdown",
   "metadata": {},
   "source": [
    "Instruction on how to install in SLAC machines or in your laptop Fermipy are available at this page: [fermipy.installation](http://fermipy.readthedocs.io/en/latest/install.html).\n",
    "Fermipy is only compatible with Science Tools v10r0p5 or later. If you are using an earlier version, you will need to download and install the latest version from the [FSSC](https://fermi.gsfc.nasa.gov/ssc/). Note that it is recommended to use the non-ROOT binary distributions of the Science Tools. These instructions assume that you want to run Fermipy on the SLAC machines."
   ]
  },
  {
   "cell_type": "markdown",
   "metadata": {},
   "source": [
    "With these instructions you will create your own Conda installation and you will install all the packages needed to use FermiPy and Science Tools.\n",
    "Using your own Conda installation avoids conflicts with package versions because you build your own environment."
   ]
  },
  {
   "cell_type": "markdown",
   "metadata": {},
   "source": [
    "First grab the installation and setup scripts from the fermipy github repository:"
   ]
  },
  {
   "cell_type": "code",
   "execution_count": null,
   "metadata": {},
   "outputs": [],
   "source": [
    "$ curl -OL https://raw.githubusercontent.com/fermiPy/fermipy/master/condainstall.sh\n",
    "$ curl -OL https://raw.githubusercontent.com/fermiPy/fermipy/master/slacsetup.sh"
   ]
  },
  {
   "cell_type": "markdown",
   "metadata": {},
   "source": [
    "Now choose an installation path. This should be a new directory (e.g. $HOME/anaconda) that has at least 2-4 GB available. We will assign this location to the CONDABASE environment variable which is used by the setup script to find the location of your python installation. To avoid setting this every time you log in it's recommended to set CONDABASE into your .bashrc file.\n",
    "\n",
    "Now run the following commands to install anaconda and fermipy. This will take about 5-10 minutes."
   ]
  },
  {
   "cell_type": "code",
   "execution_count": null,
   "metadata": {},
   "outputs": [],
   "source": [
    "$ export CONDABASE=<path to install directory>\n",
    "$ bash condainstall.sh $CONDABASE"
   ]
  },
  {
   "cell_type": "markdown",
   "metadata": {},
   "source": [
    "Once anaconda is installed you will initialize your python and ST environment by running the slacsetup function in slacsetup.sh. This function will set the appropriate environment variables needed to run the STs and python."
   ]
  },
  {
   "cell_type": "code",
   "execution_count": null,
   "metadata": {},
   "outputs": [],
   "source": [
    "$ source slacsetup.sh\n",
    "$ slacsetup"
   ]
  },
  {
   "cell_type": "markdown",
   "metadata": {},
   "source": [
    "For convenience you can also copy this function into your .bashrc file so that it will automatically be available when you launch a new shell session. By default the function will setup your environment to point to a recent version of the STs and the installation of python in CONDABASE. If CONDABASE is not defined then it will use the installation of python that is packaged with a given release of the STs. The slacsetup function takes two optional arguments which can be used to override the ST version or python installation path."
   ]
  },
  {
   "cell_type": "code",
   "execution_count": null,
   "metadata": {},
   "outputs": [],
   "source": [
    "# Use ST 10-00-05\n",
    "$ slacsetup 10-00-05\n",
    "# Use ST 11-01-01 and python distribution located at <PATH>\n",
    "$ slacsetup 11-01-01 <PATH>"
   ]
  },
  {
   "cell_type": "markdown",
   "metadata": {},
   "source": [
    "The installation script only installs packages that are required by fermipy and the STs. Once you've initialized your shell environment you are free to install additional python packages with the conda package manager tool with conda install <package name>. Packages that are not available on conda can also be installed with pip."
   ]
  },
  {
   "cell_type": "markdown",
   "metadata": {},
   "source": [
    "conda install fermipy"
   ]
  },
  {
   "cell_type": "markdown",
   "metadata": {},
   "source": [
    "conda can also be used to upgrade packages. For instance you can upgrade fermipy to the newest version with the conda update command:"
   ]
  },
  {
   "cell_type": "code",
   "execution_count": null,
   "metadata": {},
   "outputs": [],
   "source": [
    "$ conda update fermipy"
   ]
  },
  {
   "cell_type": "markdown",
   "metadata": {},
   "source": [
    "If you want to make development of Fermipy you should get the github version making:"
   ]
  },
  {
   "cell_type": "code",
   "execution_count": null,
   "metadata": {},
   "outputs": [],
   "source": [
    "$ git clone https://github.com/fermiPy/fermipy.git"
   ]
  },
  {
   "cell_type": "markdown",
   "metadata": {},
   "source": [
    "Then you should create a branch using:"
   ]
  },
  {
   "cell_type": "code",
   "execution_count": null,
   "metadata": {},
   "outputs": [],
   "source": [
    "$ git checkout -b mattia-dev"
   ]
  },
  {
   "cell_type": "markdown",
   "metadata": {},
   "source": [
    "In the branch you can make your development of Fermipy and then use the git commands to merge them to the master repository."
   ]
  },
  {
   "cell_type": "markdown",
   "metadata": {},
   "source": [
    "More informations on how to install Fermipy are available here: [fermipy-install](http://fermipy.readthedocs.io/en/latest/install.html)"
   ]
  },
  {
   "cell_type": "markdown",
   "metadata": {},
   "source": [
    "# Configuration file:"
   ]
  },
  {
   "cell_type": "markdown",
   "metadata": {},
   "source": [
    "The first step is to compose a configuration file that defines the data selection and analysis parameters. Fermipy uses YAML files to read and write its configuration in a persistent format. The configuration file has a hierarchical structure that groups parameters into dictionaries that are keyed to a section name (data, binning, etc.). Below I report a sample of configuration applied for an analysis of the SMC:"
   ]
  },
  {
   "cell_type": "code",
   "execution_count": 2,
   "metadata": {},
   "outputs": [
    {
     "ename": "ImportError",
     "evalue": "No module named fermipy.gtanalysis",
     "output_type": "error",
     "traceback": [
      "\u001b[0;31m---------------------------------------------------------------------------\u001b[0m",
      "\u001b[0;31mImportError\u001b[0m                               Traceback (most recent call last)",
      "\u001b[0;32m<ipython-input-2-02a3369a5ba9>\u001b[0m in \u001b[0;36m<module>\u001b[0;34m()\u001b[0m\n\u001b[1;32m      3\u001b[0m \u001b[0;32mimport\u001b[0m \u001b[0mos\u001b[0m\u001b[0;34m\u001b[0m\u001b[0m\n\u001b[1;32m      4\u001b[0m \u001b[0;32mimport\u001b[0m \u001b[0mnumpy\u001b[0m \u001b[0;32mas\u001b[0m \u001b[0mnp\u001b[0m\u001b[0;34m\u001b[0m\u001b[0m\n\u001b[0;32m----> 5\u001b[0;31m \u001b[0;32mfrom\u001b[0m \u001b[0mfermipy\u001b[0m\u001b[0;34m.\u001b[0m\u001b[0mgtanalysis\u001b[0m \u001b[0;32mimport\u001b[0m \u001b[0mGTAnalysis\u001b[0m\u001b[0;34m\u001b[0m\u001b[0m\n\u001b[0m\u001b[1;32m      6\u001b[0m \u001b[0;32mfrom\u001b[0m \u001b[0mfermipy\u001b[0m\u001b[0;34m.\u001b[0m\u001b[0mplotting\u001b[0m \u001b[0;32mimport\u001b[0m \u001b[0mROIPlotter\u001b[0m\u001b[0;34m,\u001b[0m \u001b[0mSEDPlotter\u001b[0m\u001b[0;34m\u001b[0m\u001b[0m\n\u001b[1;32m      7\u001b[0m \u001b[0;32mimport\u001b[0m \u001b[0mmatplotlib\u001b[0m\u001b[0;34m.\u001b[0m\u001b[0mpyplot\u001b[0m \u001b[0;32mas\u001b[0m \u001b[0mplt\u001b[0m\u001b[0;34m\u001b[0m\u001b[0m\n",
      "\u001b[0;31mImportError\u001b[0m: No module named fermipy.gtanalysis"
     ]
    }
   ],
   "source": [
    "%matplotlib inline\n",
    "\n",
    "import os\n",
    "import numpy as np\n",
    "from fermipy.gtanalysis import GTAnalysis\n",
    "from fermipy.plotting import ROIPlotter, SEDPlotter\n",
    "import matplotlib.pyplot as plt\n",
    "import matplotlib"
   ]
  },
  {
   "cell_type": "code",
   "execution_count": 3,
   "metadata": {},
   "outputs": [],
   "source": [
    "if os.path.isfile('../data/SMC_data.tar.gz'):\n",
    "    !tar xzf ../data/SMC_data.tar.gz\n",
    "else:\n",
    "    !curl -OL https://raw.githubusercontent.com/fermiPy/fermipy-extras/master/data/SMC_data.tar.gz\n",
    "    !tar xzf SMC_data.tar.gz"
   ]
  },
  {
   "cell_type": "code",
   "execution_count": 5,
   "metadata": {},
   "outputs": [
    {
     "name": "stdout",
     "output_type": "stream",
     "text": [
      "data:\r\n",
      "  evfile : 'ft1.fits'\r\n",
      "  scfile : '/u/gl/mdimauro/kipac/workdir/files/SC/P8_104months_ft2.fits'\r\n",
      "  ltcube : '/u/gl/mdimauro/dmcat/workdir/mattia/LogNLogS_Ebins/files_bins/bin13/P8_SOURCE_zmax105_1_3_ltcube.fits'\r\n",
      "\r\n",
      "binning:\r\n",
      "  roiwidth   : 12.0\r\n",
      "  binsz      : 0.08\r\n",
      "  binsperdec : 8\r\n",
      "  coordsys   : 'GAL'\r\n",
      "\r\n",
      "selection :\r\n",
      "  emin : 1000\r\n",
      "  emax : 500000\r\n",
      "  tmin : 239557417\r\n",
      "  tmax : 512994417\r\n",
      "  zmax    : 105\r\n",
      "  evclass : 128\r\n",
      "  evtype  : 3\r\n",
      "  glon: 302.25\r\n",
      "  glat : -44.37\r\n",
      " \r\n",
      "gtlike:\r\n",
      "  edisp : True\r\n",
      "  irfs : 'P8R2_SOURCE_V6'\r\n",
      "  edisp_disable : ['isodiff','galdiff']\r\n",
      "\r\n",
      "model:\r\n",
      "  src_roiwidth : 12.0\r\n",
      "  galdiff  : '$FERMI_DIFFUSE_DIR/gll_iem_v06.fits'\r\n",
      "  isodiff  : '$FERMI_DIFFUSE_DIR/iso_P8R2_SOURCE_V6_v06.txt'  \r\n",
      "  catalogs: gll_psc_v16.fit\r\n",
      "\r\n",
      "fileio:\r\n",
      "  usescratch: False\r\n"
     ]
    }
   ],
   "source": [
    "cat config.yaml"
   ]
  },
  {
   "cell_type": "markdown",
   "metadata": {},
   "source": [
    "The configuration file has the same structure as the configuration dictionary such that one can read/write configurations using the load/dump methods of the yaml module:"
   ]
  },
  {
   "cell_type": "code",
   "execution_count": null,
   "metadata": {},
   "outputs": [],
   "source": [
    "import yaml\n",
    "# Load a configuration\n",
    "config = yaml.load(open('config.yaml'))\n",
    "# Update a parameter and write a new configuration\n",
    "config['selection']['emin'] = 1000.\n",
    "yaml.dump(config, open('new_config.yaml','w'))"
   ]
  },
  {
   "cell_type": "markdown",
   "metadata": {},
   "source": [
    "The data section defines the input data set and spacecraft file for the analysis. Here evfile points to a list of FT1 files that encompass the chosen ROI, energy range, and time selection.\n",
    "The parameters in the binning section define the dimensions of the ROI and the spatial and energy bin size.\n",
    "The selection section defines parameters related to the data selection (energy range, zmax cut, and event class/type). The target parameter in this section defines the ROI center to have the same coordinates as the given source.\n",
    "The model section defines parameters related to the ROI model definition (diffuse templates, point sources).\n",
    "Fermipy gives the user the option to combine multiple data selections into a joint likelihood with the components section. For more informations on this visit: http://fermipy.readthedocs.io/en/latest/quickstart.html"
   ]
  },
  {
   "cell_type": "markdown",
   "metadata": {},
   "source": [
    "Note that the setup for a joint analysis is identical to the above except for the modification to the components section.  The following example shows the components configuration one would use to define a joint analysis with the four PSF event types:\n",
    "```python\n",
    "components:\n",
    "  - { selection : { evtype : 4  } }\n",
    "  - { selection : { evtype : 8  } }\n",
    "  - { selection : { evtype : 16 } }\n",
    "  - { selection : { evtype : 32 } }\n",
    "```"
   ]
  },
  {
   "cell_type": "markdown",
   "metadata": {},
   "source": [
    "# Start your run"
   ]
  },
  {
   "cell_type": "markdown",
   "metadata": {},
   "source": [
    "First of all you need to load the configuration file, create the object gta and run the tool gta.setup that implements the ST gtselect, gtmktime, gtbin, gtexpcube, gtsrcmap tools"
   ]
  },
  {
   "cell_type": "code",
   "execution_count": 1,
   "metadata": {},
   "outputs": [],
   "source": [
    "%matplotlib inline\n",
    "\n",
    "import os\n",
    "import numpy as np\n",
    "from fermipy.gtanalysis import GTAnalysis\n",
    "from fermipy.plotting import ROIPlotter, SEDPlotter\n",
    "import matplotlib.pyplot as plt\n",
    "import matplotlib"
   ]
  },
  {
   "cell_type": "code",
   "execution_count": 3,
   "metadata": {},
   "outputs": [],
   "source": [
    "if os.path.isfile('../data/SMC_data.tar.gz'):\n",
    "    !tar xzf ../data/SMC_data.tar.gz\n",
    "else:\n",
    "    !curl -OL https://raw.githubusercontent.com/fermiPy/fermipy-extras/master/data/SMC_data.tar.gz\n",
    "    !tar xzf SMC_data.tar.gz"
   ]
  },
  {
   "cell_type": "code",
   "execution_count": 4,
   "metadata": {},
   "outputs": [
    {
     "name": "stderr",
     "output_type": "stream",
     "text": [
      "2018-06-29 17:10:10 INFO    GTAnalysis.__init__(): \n",
      "--------------------------------------------------------------------------------\n",
      "fermipy version 0.17.2+9.gacd6.dirty \n",
      "ScienceTools version ScienceTools-11-07-00\n",
      "WARNING: UnitsWarning: 'photon/cm**2/MeV/s' contains multiple slashes, which is discouraged by the FITS standard [astropy.units.format.generic]\n",
      "WARNING: UnitsWarning: 'photon/cm**2/s' contains multiple slashes, which is discouraged by the FITS standard [astropy.units.format.generic]\n",
      "WARNING: UnitsWarning: 'erg/cm**2/s' contains multiple slashes, which is discouraged by the FITS standard [astropy.units.format.generic]\n",
      "2018-06-29 17:10:12 INFO    GTAnalysis.setup(): Running setup.\n",
      "2018-06-29 17:10:12 INFO    GTBinnedAnalysis.setup(): Running setup for component 00\n",
      "2018-06-29 17:10:12 INFO    GTBinnedAnalysis.run_gtapp(): Running gtselect.\n",
      "2018-06-29 17:10:12 INFO    GTBinnedAnalysis.run_gtapp(): time -p gtselect infile=ft1.fits outfile=/nfs/slac/kipac/fs1/u/mdimauro/software/fermipy-extra/notebooks/ft1_00.fits ra=14.5034619337 dec=-72.7495444282 rad=8.98528137424 tmin=239557417.0 tmax=512994417.0 emin=1000.0 emax=500000.0 zmin=0.0 zmax=105.0 evclass=128 evtype=3 convtype=-1 phasemin=0.0 phasemax=1.0 evtable=\"EVENTS\" chatter=3 clobber=yes debug=no gui=no mode=\"ql\"\n",
      "2018-06-29 17:10:13 INFO    GTBinnedAnalysis.run_gtapp(): This is gtselect version ScienceTools-11-07-00\n",
      "2018-06-29 17:10:13 INFO    GTBinnedAnalysis.run_gtapp(): Applying filter string: ((EVENT_CLASS&o200) != o0) && ((EVENT_TYPE&o3) != o0) && angsep(RA,DEC,14.50346193,-72.74954443) < 8.985281374 && angsep(RA,DEC,14.50346193,-72.74954443) < 8.985281374 && 1000 < ENERGY && ENERGY <= 500000 && 239557417 < TIME && TIME <= 512994417 && 0 < ZENITH_ANGLE && ZENITH_ANGLE <= 105 && gtifilter()\n",
      "2018-06-29 17:10:13 INFO    GTBinnedAnalysis.run_gtapp(): Done.\n",
      "2018-06-29 17:10:13 INFO    GTBinnedAnalysis.run_gtapp(): Finished gtselect. Execution time: 1.16 s\n",
      "2018-06-29 17:10:13 INFO    GTBinnedAnalysis.setup(): Using external LT cube.\n",
      "2018-06-29 17:10:15 INFO    GTBinnedAnalysis.run_gtapp(): Running gtbin.\n",
      "2018-06-29 17:10:15 INFO    GTBinnedAnalysis.run_gtapp(): time -p gtbin evfile=/nfs/slac/kipac/fs1/u/mdimauro/software/fermipy-extra/notebooks/ft1_00.fits scfile=/u/gl/mdimauro/kipac/workdir/files/SC/P8_104months_ft2.fits outfile=/nfs/slac/kipac/fs1/u/mdimauro/software/fermipy-extra/notebooks/ccube_00.fits algorithm=\"ccube\" ebinalg=\"LOG\" emin=1000.0 emax=500000.0 enumbins=22 ebinfile=NONE tbinalg=\"LIN\" tbinfile=NONE nxpix=150 nypix=150 binsz=0.08 coordsys=\"GAL\" xref=302.25 yref=-44.37 axisrot=0.0 rafield=\"RA\" decfield=\"DEC\" proj=\"AIT\" hpx_ordering_scheme=\"RING\" hpx_order=3 hpx_ebin=yes hpx_region=\"\" evtable=\"EVENTS\" sctable=\"SC_DATA\" efield=\"ENERGY\" tfield=\"TIME\" chatter=3 clobber=yes debug=no gui=no mode=\"ql\"\n",
      "2018-06-29 17:10:25 INFO    GTBinnedAnalysis.run_gtapp(): This is gtbin version ScienceTools-11-07-00\n",
      "2018-06-29 17:10:25 INFO    GTBinnedAnalysis.run_gtapp(): Finished gtbin. Execution time: 9.79 s\n",
      "2018-06-29 17:10:25 INFO    GTBinnedAnalysis.run_gtapp(): Running gtexpcube2.\n",
      "2018-06-29 17:10:25 INFO    GTBinnedAnalysis.run_gtapp(): time -p gtexpcube2 infile=/u/gl/mdimauro/dmcat/workdir/mattia/LogNLogS_Ebins/files_bins/bin13/P8_SOURCE_zmax105_1_3_ltcube.fits cmap=none outfile=/nfs/slac/kipac/fs1/u/mdimauro/software/fermipy-extra/notebooks/bexpmap_00.fits irfs=\"P8R2_SOURCE_V6\" evtype=3 nxpix=360 nypix=180 binsz=1.0 coordsys=\"GAL\" xref=0.0 yref=0.0 axisrot=0.0 proj=\"CAR\" ebinalg=\"LOG\" emin=1000.0 emax=500000.0 enumbins=22 ebinfile=\"NONE\" hpx_ordering_scheme=\"RING\" hpx_order=6 bincalc=\"EDGE\" ignorephi=no thmax=180.0 thmin=0.0 table=\"EXPOSURE\" chatter=3 clobber=yes debug=no mode=\"ql\"\n",
      "2018-06-29 17:10:40 INFO    GTBinnedAnalysis.run_gtapp(): This is gtexpcube2 version ScienceTools-11-07-00\n",
      "2018-06-29 17:10:40 INFO    GTBinnedAnalysis.run_gtapp(): Using evtype=3 (i.e., FRONT/BACK irfs)\n",
      "2018-06-29 17:10:40 INFO    GTBinnedAnalysis.run_gtapp(): ResponseFunctions::load: IRF used: P8R2_SOURCE_V6\n",
      "2018-06-29 17:10:40 INFO    GTBinnedAnalysis.run_gtapp(): event_types:  0  1\n",
      "2018-06-29 17:10:40 INFO    GTBinnedAnalysis.run_gtapp(): Computing binned exposure map....................!\n",
      "2018-06-29 17:10:40 INFO    GTBinnedAnalysis.run_gtapp(): Finished gtexpcube2. Execution time: 15.53 s\n",
      "2018-06-29 17:10:40 INFO    GTBinnedAnalysis.run_gtapp(): Running gtexpcube2.\n",
      "2018-06-29 17:10:40 INFO    GTBinnedAnalysis.run_gtapp(): time -p gtexpcube2 infile=/u/gl/mdimauro/dmcat/workdir/mattia/LogNLogS_Ebins/files_bins/bin13/P8_SOURCE_zmax105_1_3_ltcube.fits cmap=none outfile=/nfs/slac/kipac/fs1/u/mdimauro/software/fermipy-extra/notebooks/bexpmap_roi_00.fits irfs=\"P8R2_SOURCE_V6\" evtype=3 nxpix=150 nypix=150 binsz=0.08 coordsys=\"GAL\" xref=302.25 yref=-44.37 axisrot=0.0 proj=\"CAR\" ebinalg=\"LOG\" emin=1000.0 emax=500000.0 enumbins=22 ebinfile=\"NONE\" hpx_ordering_scheme=\"RING\" hpx_order=6 bincalc=\"EDGE\" ignorephi=no thmax=180.0 thmin=0.0 table=\"EXPOSURE\" chatter=3 clobber=yes debug=no mode=\"ql\"\n",
      "2018-06-29 17:10:46 INFO    GTBinnedAnalysis.run_gtapp(): This is gtexpcube2 version ScienceTools-11-07-00\n",
      "2018-06-29 17:10:46 INFO    GTBinnedAnalysis.run_gtapp(): Using evtype=3 (i.e., FRONT/BACK irfs)\n",
      "2018-06-29 17:10:46 INFO    GTBinnedAnalysis.run_gtapp(): ResponseFunctions::load: IRF used: P8R2_SOURCE_V6\n",
      "2018-06-29 17:10:46 INFO    GTBinnedAnalysis.run_gtapp(): event_types:  0  1\n",
      "2018-06-29 17:10:46 INFO    GTBinnedAnalysis.run_gtapp(): Computing binned exposure map....................!\n",
      "2018-06-29 17:10:46 INFO    GTBinnedAnalysis.run_gtapp(): Finished gtexpcube2. Execution time: 5.93 s\n",
      "2018-06-29 17:10:46 INFO    GTBinnedAnalysis.run_gtapp(): Running gtsrcmaps.\n",
      "2018-06-29 17:10:46 INFO    GTBinnedAnalysis.run_gtapp(): time -p gtsrcmaps scfile=/u/gl/mdimauro/kipac/workdir/files/SC/P8_104months_ft2.fits sctable=\"SC_DATA\" expcube=/u/gl/mdimauro/dmcat/workdir/mattia/LogNLogS_Ebins/files_bins/bin13/P8_SOURCE_zmax105_1_3_ltcube.fits cmap=/nfs/slac/kipac/fs1/u/mdimauro/software/fermipy-extra/notebooks/ccube_00.fits srcmdl=/nfs/slac/kipac/fs1/u/mdimauro/software/fermipy-extra/notebooks/srcmdl_00.xml bexpmap=/nfs/slac/kipac/fs1/u/mdimauro/software/fermipy-extra/notebooks/bexpmap_00.fits wmap=none outfile=/nfs/slac/kipac/fs1/u/mdimauro/software/fermipy-extra/notebooks/srcmap_00.fits irfs=\"P8R2_SOURCE_V6\" evtype=3 convol=yes resample=yes rfactor=2 minbinsz=0.05 ptsrc=yes psfcorr=yes emapbnds=no copyall=no chatter=3 clobber=yes debug=no gui=no mode=\"ql\"\n",
      "2018-06-29 17:13:57 INFO    GTBinnedAnalysis.run_gtapp(): This is gtsrcmaps version ScienceTools-11-07-00\n",
      "2018-06-29 17:13:57 INFO    GTBinnedAnalysis.run_gtapp(): Using evtype=3 (i.e., FRONT/BACK irfs)\n",
      "2018-06-29 17:13:57 INFO    GTBinnedAnalysis.run_gtapp(): ResponseFunctions::load: IRF used: P8R2_SOURCE_V6\n",
      "2018-06-29 17:13:57 INFO    GTBinnedAnalysis.run_gtapp(): event_types:  0  1\n",
      "2018-06-29 17:13:57 INFO    GTBinnedAnalysis.run_gtapp(): difference in gti interval found\n",
      "2018-06-29 17:13:57 INFO    GTBinnedAnalysis.run_gtapp(): \n",
      "2018-06-29 17:13:57 INFO    GTBinnedAnalysis.run_gtapp(): WARNING:\n",
      "2018-06-29 17:13:57 INFO    GTBinnedAnalysis.run_gtapp(): AppHelpers::checkTimeCuts:\n",
      "2018-06-29 17:13:57 INFO    GTBinnedAnalysis.run_gtapp(): Time range cuts and GTI extensions in files /nfs/slac/kipac/fs1/u/mdimauro/software/fermipy-extra/notebooks/ccube_00.fitsand /u/gl/mdimauro/dmcat/workdir/mattia/LogNLogS_Ebins/files_bins/bin13/P8_SOURCE_zmax105_1_3_ltcube.fits[Exposure] do not agree.\n",
      "2018-06-29 17:13:57 INFO    GTBinnedAnalysis.run_gtapp(): Aggregate absolute differences in GTI start times (s): 1.96803e+10\n",
      "2018-06-29 17:13:57 INFO    GTBinnedAnalysis.run_gtapp(): Aggregate absolute differences in GTI stop times (s): 1.96802e+10\n",
      "2018-06-29 17:13:57 INFO    GTBinnedAnalysis.run_gtapp(): \n",
      "2018-06-29 17:13:57 INFO    GTBinnedAnalysis.run_gtapp(): \n",
      "2018-06-29 17:13:57 INFO    GTBinnedAnalysis.run_gtapp(): Creating source named 3FGL J0059.0-7242e\n",
      "2018-06-29 17:13:57 INFO    GTBinnedAnalysis.run_gtapp(): Creating source named 3FGL J0112.9-7506\n",
      "2018-06-29 17:13:57 INFO    GTBinnedAnalysis.run_gtapp(): Creating source named 3FGL J0023.9-7203\n",
      "2018-06-29 17:13:57 INFO    GTBinnedAnalysis.run_gtapp(): Creating source named 3FGL J0029.1-7045\n"
     ]
    },
    {
     "name": "stderr",
     "output_type": "stream",
     "text": [
      "2018-06-29 17:13:57 INFO    GTBinnedAnalysis.run_gtapp(): Creating source named 3FGL J0021.6-6835\n",
      "2018-06-29 17:13:57 INFO    GTBinnedAnalysis.run_gtapp(): Creating source named 3FGL J2351.9-7601\n",
      "2018-06-29 17:13:57 INFO    GTBinnedAnalysis.run_gtapp(): Creating source named 3FGL J2338.7-7401\n",
      "2018-06-29 17:13:57 INFO    GTBinnedAnalysis.run_gtapp(): Creating source named 3FGL J0146.4-6746\n",
      "2018-06-29 17:13:57 INFO    GTBinnedAnalysis.run_gtapp(): Creating source named 3FGL J2336.5-7620\n",
      "2018-06-29 17:13:57 INFO    GTBinnedAnalysis.run_gtapp(): Creating source named 3FGL J0002.0-6722\n",
      "2018-06-29 17:13:57 INFO    GTBinnedAnalysis.run_gtapp(): Creating source named isodiff\n",
      "2018-06-29 17:13:57 INFO    GTBinnedAnalysis.run_gtapp(): Creating source named galdiff\n",
      "2018-06-29 17:13:57 INFO    GTBinnedAnalysis.run_gtapp(): Generating SourceMap for 3FGL J0002.0-6722....................!\n",
      "2018-06-29 17:13:57 INFO    GTBinnedAnalysis.run_gtapp(): Generating SourceMap for 3FGL J0021.6-6835....................!\n",
      "2018-06-29 17:13:57 INFO    GTBinnedAnalysis.run_gtapp(): Generating SourceMap for 3FGL J0023.9-7203....................!\n",
      "2018-06-29 17:13:57 INFO    GTBinnedAnalysis.run_gtapp(): Generating SourceMap for 3FGL J0029.1-7045....................!\n",
      "2018-06-29 17:13:57 INFO    GTBinnedAnalysis.run_gtapp(): Generating SourceMap for 3FGL J0059.0-7242e....................!\n",
      "2018-06-29 17:13:57 INFO    GTBinnedAnalysis.run_gtapp(): Generating SourceMap for 3FGL J0112.9-7506....................!\n",
      "2018-06-29 17:13:57 INFO    GTBinnedAnalysis.run_gtapp(): Generating SourceMap for 3FGL J0146.4-6746....................!\n",
      "2018-06-29 17:13:57 INFO    GTBinnedAnalysis.run_gtapp(): Generating SourceMap for 3FGL J2336.5-7620....................!\n",
      "2018-06-29 17:13:57 INFO    GTBinnedAnalysis.run_gtapp(): Generating SourceMap for 3FGL J2338.7-7401....................!\n",
      "2018-06-29 17:13:57 INFO    GTBinnedAnalysis.run_gtapp(): Generating SourceMap for 3FGL J2351.9-7601....................!\n",
      "2018-06-29 17:13:57 INFO    GTBinnedAnalysis.run_gtapp(): Generating SourceMap for galdiff....................!\n",
      "2018-06-29 17:13:57 INFO    GTBinnedAnalysis.run_gtapp(): Generating SourceMap for isodiff....................!\n",
      "2018-06-29 17:13:57 INFO    GTBinnedAnalysis.run_gtapp(): Finished gtsrcmaps. Execution time: 190.37 s\n",
      "2018-06-29 17:13:57 INFO    GTBinnedAnalysis.setup(): Finished setup for component 00\n",
      "2018-06-29 17:13:57 INFO    GTBinnedAnalysis._create_binned_analysis(): Creating BinnedAnalysis for component 00.\n",
      "WARNING: AstropyDeprecationWarning: \"clobber\" was deprecated in version 2.0 and will be removed in a future version. Use argument \"overwrite\" instead. [astropy.utils.decorators]\n",
      "2018-06-29 17:14:16 INFO    GTAnalysis.setup(): Initializing source properties\n",
      "2018-06-29 17:14:24 INFO    GTAnalysis.setup(): Finished setup.\n"
     ]
    }
   ],
   "source": [
    "gta = GTAnalysis('config.yaml')\n",
    "matplotlib.interactive(True)\n",
    "gta.setup()"
   ]
  },
  {
   "cell_type": "code",
   "execution_count": 5,
   "metadata": {},
   "outputs": [
    {
     "name": "stderr",
     "output_type": "stream",
     "text": [
      "2018-06-29 17:14:28 INFO    GTAnalysis.print_model(): \n",
      "sourcename            offset    norm  eflux     index        ts       npred free\n",
      "--------------------------------------------------------------------------------\n",
      "3FGL J0059.0-7242e     0.088   1.059  1.45e-05   2.22       nan      1434.2     \n",
      "3FGL J0112.9-7506      2.572   1.172  1.31e-06   2.17       nan       120.0     \n",
      "3FGL J0023.9-7203      2.662   0.714   9.3e-06   2.65       nan      1675.8     \n",
      "3FGL J0029.1-7045      3.008   0.506  2.49e-06   2.28       nan       269.9     \n",
      "3FGL J0021.6-6835      5.122   1.859  5.27e-07   2.65       nan        84.0     \n",
      "3FGL J2351.9-7601      5.495   1.027  3.74e-06   1.69       nan       117.5     \n",
      "3FGL J2338.7-7401      5.777   0.677  4.38e-06   1.89       nan       213.2     \n",
      "3FGL J0146.4-6746      6.423   0.420  1.03e-06   2.39       nan       123.7     \n",
      "3FGL J2336.5-7620      6.454   0.557  1.66e-06   2.33       nan       186.9     \n",
      "3FGL J0002.0-6722      7.153   0.483  2.07e-06   1.95       nan       113.2     \n",
      "isodiff                  ---   1.000    0.0313   2.12       nan      9076.7     \n",
      "galdiff                  ---   1.000     0.126   0.00       nan     17968.1     \n",
      "\n"
     ]
    }
   ],
   "source": [
    "gta.print_model()"
   ]
  },
  {
   "cell_type": "code",
   "execution_count": 7,
   "metadata": {},
   "outputs": [
    {
     "name": "stderr",
     "output_type": "stream",
     "text": [
      "2018-06-29 17:14:49 INFO    GTAnalysis.fit(): Starting fit.\n",
      "/u/gl/mdimauro/kipac/software/anaconda/lib/python2.7/site-packages/scipy/interpolate/fitpack2.py:226: UserWarning: \n",
      "The maximal number of iterations maxit (set to 20 by the program)\n",
      "allowed for finding a smoothing spline with fp=s has been reached: s\n",
      "too small.\n",
      "There is an approximation returned but the corresponding weighted sum\n",
      "of squared residuals does not satisfy the condition abs(fp-s)/s < tol.\n",
      "  warnings.warn(message)\n",
      "2018-06-29 17:15:05 INFO    GTAnalysis.fit(): Fit returned successfully. Quality:   3 Status:   0\n",
      "2018-06-29 17:15:05 INFO    GTAnalysis.fit(): LogLike:   -77797.480 DeltaLogLike:       77.991 \n"
     ]
    },
    {
     "data": {
      "text/plain": [
       "{'config': {'covar': True,\n",
       "  'init_lambda': 0.0001,\n",
       "  'max_iter': 100,\n",
       "  'min_fit_quality': 2,\n",
       "  'optimizer': 'MINUIT',\n",
       "  'reoptimize': False,\n",
       "  'retries': 3,\n",
       "  'tol': 0.001,\n",
       "  'verbosity': 0},\n",
       " 'correlation': array([[ 1.00000000e+00,  4.41213321e-01, -1.68928666e-03,\n",
       "         -1.26101446e-03,  4.75069270e-03,  2.99355059e-03,\n",
       "         -2.27977805e-03,  4.30742411e-03,  1.80080622e-03,\n",
       "          1.19095108e-02,  2.64517667e-03,  3.98596710e-03,\n",
       "          2.18620628e-03,  6.03607400e-03,  2.94792882e-03,\n",
       "          4.92794564e-03,  2.93347538e-03,  4.75911932e-03,\n",
       "          2.74784090e-03,  2.74212616e-03,  2.85560646e-03,\n",
       "         -1.20322982e-02, -2.65882496e-02, -3.31780055e-02],\n",
       "        [ 4.41213321e-01,  1.00000000e+00, -1.73755585e-03,\n",
       "         -7.26334318e-04,  3.04604145e-03,  1.77554687e-03,\n",
       "         -1.02995968e-03,  2.64139475e-03,  1.82329601e-03,\n",
       "          1.15173698e-02,  8.09669776e-03,  3.05839750e-03,\n",
       "          2.39391524e-03,  3.42156860e-03,  2.30245155e-03,\n",
       "          4.62280791e-03,  3.38242828e-03,  2.70017690e-03,\n",
       "          2.46915971e-03,  1.14708084e-03,  3.03681425e-03,\n",
       "         -3.35624627e-02, -2.70923494e-02, -1.63719899e-03],\n",
       "        [-1.68928666e-03, -1.73755585e-03,  1.00000000e+00,\n",
       "          8.67184815e-01,  3.89694312e-03,  2.58185051e-03,\n",
       "         -1.71554656e-03, -3.69887944e-03, -2.65740334e-03,\n",
       "          1.56305503e-02,  1.05939709e-02,  2.93632040e-03,\n",
       "          2.70047937e-03,  6.18603566e-03,  3.93539102e-03,\n",
       "          4.91301670e-03,  4.21424550e-03,  3.64196718e-03,\n",
       "          3.34331522e-03,  7.49153625e-04,  3.65066849e-03,\n",
       "         -2.12594053e-02, -6.39890682e-02, -3.86306881e-02],\n",
       "        [-1.26101446e-03, -7.26334318e-04,  8.67184815e-01,\n",
       "          1.00000000e+00,  1.54977839e-03,  1.10195232e-03,\n",
       "         -5.82975012e-04, -2.05900619e-03, -1.27136068e-03,\n",
       "          7.59517911e-03,  8.29773457e-03,  3.11041544e-04,\n",
       "          1.16844667e-03,  2.14972352e-03,  1.88758255e-03,\n",
       "          1.56786945e-03,  2.12119802e-03,  5.38564138e-04,\n",
       "          1.44565255e-03, -9.41626715e-04,  1.65094458e-03,\n",
       "         -1.18329983e-02, -4.34475938e-02, -1.66096262e-02],\n",
       "        [ 4.75069270e-03,  3.04604145e-03,  3.89694312e-03,\n",
       "          1.54977839e-03,  1.00000000e+00,  9.13363184e-01,\n",
       "         -7.88519441e-01, -4.83039709e-02, -3.53186219e-02,\n",
       "         -2.41069997e-02, -1.81648609e-02,  3.18908124e-03,\n",
       "          2.90581036e-03,  7.04673205e-03,  4.32365763e-03,\n",
       "          4.01449051e-03,  3.74361986e-03,  2.21064971e-03,\n",
       "          1.93230961e-03,  2.75921293e-04,  2.77858782e-03,\n",
       "         -9.28765042e-03, -7.50558567e-02, -5.63407923e-02],\n",
       "        [ 2.99355059e-03,  1.77554687e-03,  2.58185051e-03,\n",
       "          1.10195232e-03,  9.13363184e-01,  1.00000000e+00,\n",
       "         -9.53061617e-01, -2.78623657e-02, -2.35926021e-02,\n",
       "         -1.54924254e-02, -1.34114263e-02,  8.99687738e-04,\n",
       "          1.34140991e-03,  4.77098746e-03,  2.96876948e-03,\n",
       "          1.39606848e-03,  1.97186405e-03,  9.52020552e-04,\n",
       "          9.66762882e-04, -5.60859226e-04,  1.28669971e-03,\n",
       "          7.27968131e-03, -6.14848738e-02, -5.21298716e-02],\n",
       "        [-2.27977805e-03, -1.02995968e-03, -1.71554656e-03,\n",
       "         -5.82975012e-04, -7.88519441e-01, -9.53061617e-01,\n",
       "          1.00000000e+00,  1.79180716e-02,  1.59855040e-02,\n",
       "          1.05116600e-02,  9.67915518e-03, -1.48731220e-04,\n",
       "         -5.28598882e-04, -3.53640152e-03, -2.04745942e-03,\n",
       "         -2.62264418e-04, -8.91197534e-04, -6.10679607e-04,\n",
       "         -4.30035403e-04,  4.77654480e-04, -4.62687012e-04,\n",
       "         -1.54190817e-02,  4.49532214e-02,  4.63004559e-02],\n",
       "        [ 4.30742411e-03,  2.64139475e-03, -3.69887944e-03,\n",
       "         -2.05900619e-03, -4.83039709e-02, -2.78623657e-02,\n",
       "          1.79180716e-02,  1.00000000e+00,  6.47961062e-01,\n",
       "         -1.41259446e-03, -1.99342718e-03,  4.71439092e-03,\n",
       "          3.12003168e-03,  5.82228535e-03,  3.26213249e-03,\n",
       "          5.78035886e-03,  3.88822949e-03,  4.44150079e-03,\n",
       "          3.15127657e-03,  2.26703401e-03,  3.60089165e-03,\n",
       "         -2.74262577e-02, -3.51855453e-02, -2.27558272e-02],\n",
       "        [ 1.80080622e-03,  1.82329601e-03, -2.65740334e-03,\n",
       "         -1.27136068e-03, -3.53186219e-02, -2.35926021e-02,\n",
       "          1.59855040e-02,  6.47961062e-01,  1.00000000e+00,\n",
       "         -3.16100197e-04,  5.41958559e-04,  2.41666184e-03,\n",
       "          2.19586533e-03,  3.08860979e-03,  2.22001794e-03,\n",
       "          3.61965251e-03,  2.99666542e-03,  1.97338522e-03,\n",
       "          2.12715447e-03,  4.32421128e-04,  2.59572487e-03,\n",
       "         -2.60611228e-02, -3.39617300e-02, -7.87303402e-03],\n",
       "        [ 1.19095108e-02,  1.15173698e-02,  1.56305503e-02,\n",
       "          7.59517911e-03, -2.41069997e-02, -1.54924254e-02,\n",
       "          1.05116600e-02, -1.41259446e-03, -3.16100197e-04,\n",
       "          1.00000000e+00,  8.47803788e-01, -1.06551000e-02,\n",
       "         -7.26216820e-03,  1.60135575e-02,  1.12597231e-02,\n",
       "          2.18226480e-02,  1.66683101e-02,  1.20288745e-02,\n",
       "          1.18927622e-02,  4.15198852e-03,  1.44300694e-02,\n",
       "         -1.64988565e-01, -1.49386406e-01, -1.07133917e-02],\n",
       "        [ 2.64517667e-03,  8.09669776e-03,  1.05939709e-02,\n",
       "          8.29773457e-03, -1.81648609e-02, -1.34114263e-02,\n",
       "          9.67915518e-03, -1.99342718e-03,  5.41958559e-04,\n",
       "          8.47803788e-01,  1.00000000e+00, -5.10386470e-03,\n",
       "         -3.66088040e-03,  6.97590085e-03,  7.86508046e-03,\n",
       "          1.37317165e-02,  1.33335427e-02,  3.32066962e-03,\n",
       "          8.22586345e-03, -2.42416614e-03,  1.08062673e-02,\n",
       "         -1.50964102e-01, -1.52462020e-01,  2.94601524e-02],\n",
       "        [ 3.98596710e-03,  3.05839750e-03,  2.93632040e-03,\n",
       "          3.11041544e-04,  3.18908124e-03,  8.99687738e-04,\n",
       "         -1.48731220e-04,  4.71439092e-03,  2.41666184e-03,\n",
       "         -1.06551000e-02, -5.10386470e-03,  1.00000000e+00,\n",
       "          6.09891210e-01,  4.05426285e-03,  2.23960595e-03,\n",
       "          7.96028660e-03,  4.46630534e-03,  4.93358221e-03,\n",
       "          3.32937404e-03,  3.68094971e-03,  4.26926812e-03,\n",
       "         -6.13385208e-02,  4.20700191e-03,  2.63128619e-02],\n",
       "        [ 2.18620628e-03,  2.39391524e-03,  2.70047937e-03,\n",
       "          1.16844667e-03,  2.90581036e-03,  1.34140991e-03,\n",
       "         -5.28598882e-04,  3.12003168e-03,  2.19586533e-03,\n",
       "         -7.26216820e-03, -3.66088040e-03,  6.09891210e-01,\n",
       "          1.00000000e+00,  2.75382989e-03,  1.99956194e-03,\n",
       "          5.34807187e-03,  3.66739252e-03,  2.71696514e-03,\n",
       "          2.54521954e-03,  1.43719447e-03,  3.28096658e-03,\n",
       "         -4.65069825e-02, -1.61207347e-02,  1.57153382e-02],\n",
       "        [ 6.03607400e-03,  3.42156860e-03,  6.18603566e-03,\n",
       "          2.14972352e-03,  7.04673205e-03,  4.77098746e-03,\n",
       "         -3.53640152e-03,  5.82228535e-03,  3.08860979e-03,\n",
       "          1.60135575e-02,  6.97590085e-03,  4.05426285e-03,\n",
       "          2.75382989e-03,  1.00000000e+00,  7.32610818e-01,\n",
       "          5.66478651e-03,  4.04061221e-03,  5.14644018e-03,\n",
       "          3.57184793e-03,  2.20349861e-03,  3.70876712e-03,\n",
       "         -1.55188830e-02, -5.27126978e-02, -4.65371558e-02],\n",
       "        [ 2.94792882e-03,  2.30245155e-03,  3.93539102e-03,\n",
       "          1.88758255e-03,  4.32365763e-03,  2.96876948e-03,\n",
       "         -2.04745942e-03,  3.26213249e-03,  2.22001794e-03,\n",
       "          1.12597231e-02,  7.86508046e-03,  2.23960595e-03,\n",
       "          1.99956194e-03,  7.32610818e-01,  1.00000000e+00,\n",
       "          3.69735368e-03,  3.06297479e-03,  2.55510363e-03,\n",
       "          2.38680311e-03,  6.19709534e-04,  2.67376535e-03,\n",
       "         -1.95607175e-02, -4.09557811e-02, -2.06321325e-02],\n",
       "        [ 4.92794564e-03,  4.62280791e-03,  4.91301670e-03,\n",
       "          1.56786945e-03,  4.01449051e-03,  1.39606848e-03,\n",
       "         -2.62264418e-04,  5.78035886e-03,  3.61965251e-03,\n",
       "          2.18226480e-02,  1.37317165e-02,  7.96028660e-03,\n",
       "          5.34807187e-03,  5.66478651e-03,  3.69735368e-03,\n",
       "          1.00000000e+00,  7.53152767e-01, -1.41490293e-04,\n",
       "          6.97426261e-05, -3.58642560e-02, -5.76527929e-02,\n",
       "         -9.06397466e-02, -1.70567350e-02,  3.34960916e-02],\n",
       "        [ 2.93347538e-03,  3.38242828e-03,  4.21424550e-03,\n",
       "          2.12119802e-03,  3.74361986e-03,  1.97186405e-03,\n",
       "         -8.91197534e-04,  3.88822949e-03,  2.99666542e-03,\n",
       "          1.66683101e-02,  1.33335427e-02,  4.46630534e-03,\n",
       "          3.66739252e-03,  4.04061221e-03,  3.06297479e-03,\n",
       "          7.53152767e-01,  1.00000000e+00, -4.93818381e-04,\n",
       "          1.91766446e-04, -1.76316745e-02, -3.98654913e-02,\n",
       "         -6.01629702e-02, -3.46699973e-02,  1.33246115e-02],\n",
       "        [ 4.75911932e-03,  2.70017690e-03,  3.64196718e-03,\n",
       "          5.38564138e-04,  2.21064971e-03,  9.52020552e-04,\n",
