{
 "cells": [
  {
   "cell_type": "markdown",
   "metadata": {},
   "source": [
    "# Fermipy tutorial"
   ]
  },
  {
   "cell_type": "markdown",
   "metadata": {},
   "source": [
    "This tutorial shows how to perform Fermi-LAT analysis with the Fermipy Python package. \n",
    "Many parts of this tutorial are taken directly from the documentation page of Fermipy: [fermipy.readthedocs](http://fermipy.readthedocs.io/en/latest/).\n",
    "I suggest to visit the documentation page to find further informations.\n",
    "\n",
    "Fermipy is a python package created by Mattew Wood and maintained by a wide community of people. Fermipy facilitates analysis of data from the Large Area Telescope (LAT) with the Fermi Science Tools.\n",
    "The Fermipy package is built on the pyLikelihood interface of the Fermi Science Tools and provides a set of high-level tools for performing common analysis tasks:\n",
    "* Data and model preparation with the gt-tools (gtselect, gtmktime, etc.).\n",
    "* Extracting a spectral energy distribution (SED) of a source.\n",
    "* Generating TS and residual maps for a region of interest.\n",
    "* Finding new source candidates.\n",
    "* Localizing a source or fitting its spatial extension.\n",
    "* Perfoming phase analysis\n",
    "* Calculating light curves\n",
    "* Deriving the sensitivity of gamma-ray sources with a specific SED and spatial morphology."
   ]
  },
  {
   "cell_type": "markdown",
   "metadata": {},
   "source": [
    "## Installation"
   ]
  },
  {
   "cell_type": "markdown",
   "metadata": {},
   "source": [
    "Instruction on how to install in SLAC machines or in your laptop Fermipy are available at this page: [fermipy.installation](http://fermipy.readthedocs.io/en/latest/install.html).\n",
    "Fermipy is only compatible with Science Tools v10r0p5 or later. If you are using an earlier version, you will need to download and install the latest version from the [FSSC](https://fermi.gsfc.nasa.gov/ssc/). Note that it is recommended to use the non-ROOT binary distributions of the Science Tools. These instructions assume that you want to run Fermipy on the SLAC machines."
   ]
  },
  {
   "cell_type": "markdown",
   "metadata": {},
   "source": [
    "With these instructions you will create your own Conda installation and you will install all the packages needed to use FermiPy and Science Tools.\n",
    "Using your own Conda installation avoids conflicts with package versions because you build your own environment."
   ]
  },
  {
   "cell_type": "markdown",
   "metadata": {},
   "source": [
    "First grab the installation and setup scripts from the fermipy github repository:"
   ]
  },
  {
   "cell_type": "code",
   "execution_count": 1,
   "metadata": {},
   "outputs": [],
   "source": [
    "# ! curl -OL https://raw.githubusercontent.com/fermiPy/fermipy/master/condainstall.sh\n",
    "# ! curl -OL https://raw.githubusercontent.com/fermiPy/fermipy/master/slacsetup.sh"
   ]
  },
  {
   "cell_type": "markdown",
   "metadata": {},
   "source": [
    "Now choose an installation path. This should be a new directory (e.g. $HOME/anaconda) that has at least 2-4 GB available. We will assign this location to the CONDABASE environment variable which is used by the setup script to find the location of your python installation. To avoid setting this every time you log in it's recommended to set CONDABASE into your .bashrc file.\n",
    "\n",
    "Now run the following commands to install anaconda and fermipy. This will take about 5-10 minutes."
   ]
  },
  {
   "cell_type": "code",
   "execution_count": 2,
   "metadata": {},
   "outputs": [],
   "source": [
    "# export CONDABASE=<path to install directory>\n",
    "# bash condainstall.sh $CONDABASE"
   ]
  },
  {
   "cell_type": "markdown",
   "metadata": {},
   "source": [
    "Once anaconda is installed you will initialize your python and ST environment by running the slacsetup function in slacsetup.sh. This function will set the appropriate environment variables needed to run the STs and python."
   ]
  },
  {
   "cell_type": "code",
   "execution_count": 3,
   "metadata": {},
   "outputs": [],
   "source": [
    "# source slacsetup.sh\n",
    "# slacsetup"
   ]
  },
  {
   "cell_type": "markdown",
   "metadata": {},
   "source": [
    "For convenience you can also copy this function into your .bashrc file so that it will automatically be available when you launch a new shell session. By default the function will setup your environment to point to a recent version of the STs and the installation of python in CONDABASE. If CONDABASE is not defined then it will use the installation of python that is packaged with a given release of the STs. The slacsetup function takes two optional arguments which can be used to override the ST version or python installation path."
   ]
  },
  {
   "cell_type": "code",
   "execution_count": 4,
   "metadata": {},
   "outputs": [],
   "source": [
    "# Use ST 10-00-05\n",
    "# slacsetup 10-00-05\n",
    "# Use ST 11-01-01 and python distribution located at <PATH>\n",
    "# slacsetup 11-01-01 <PATH>"
   ]
  },
  {
   "cell_type": "markdown",
   "metadata": {},
   "source": [
    "The installation script only installs packages that are required by fermipy and the STs. Once you've initialized your shell environment you are free to install additional python packages with the conda package manager tool with conda install <package name>. Packages that are not available on conda can also be installed with pip."
   ]
  },
  {
   "cell_type": "markdown",
   "metadata": {},
   "source": [
    "conda install fermipy"
   ]
  },
  {
   "cell_type": "markdown",
   "metadata": {},
   "source": [
    "conda can also be used to upgrade packages. For instance you can upgrade fermipy to the newest version with the conda update command:"
   ]
  },
  {
   "cell_type": "code",
   "execution_count": 5,
   "metadata": {},
   "outputs": [],
   "source": [
    "# conda update fermipy"
   ]
  },
  {
   "cell_type": "markdown",
   "metadata": {},
   "source": [
    "If you want to make development of Fermipy you should get the github version making:"
   ]
  },
  {
   "cell_type": "code",
   "execution_count": 6,
   "metadata": {},
   "outputs": [],
   "source": [
    "# git clone https://github.com/fermiPy/fermipy.git"
   ]
  },
  {
   "cell_type": "markdown",
   "metadata": {},
   "source": [
    "Then you should create a branch using:"
   ]
  },
  {
   "cell_type": "code",
   "execution_count": 7,
   "metadata": {},
   "outputs": [],
   "source": [
    "# git checkout -b mattia-dev"
   ]
  },
  {
   "cell_type": "markdown",
   "metadata": {},
   "source": [
    "In the branch you can make your development of Fermipy and then use the git commands to merge them to the master repository."
   ]
  },
  {
   "cell_type": "markdown",
   "metadata": {},
   "source": [
    "More informations on how to install Fermipy are available here: [fermipy-install](http://fermipy.readthedocs.io/en/latest/install.html)"
   ]
  },
  {
   "cell_type": "markdown",
   "metadata": {},
   "source": [
    "## Download the raw files\n",
    "\n",
    "The files can be obtained from the [Fermi SSC website](https://fermi.gsfc.nasa.gov/cgi-bin/ssc/LAT/LATDataQuery.cgi). The following data selection choices were made:\n",
    "\n",
    "* Object name or coordinates: 302.25,-44.37\n",
    "* Coordinate system: GAL\n",
    "* Search radius (degrees): 12\n",
    "* Observation dates: 239557417,512994417\n",
    "* Time system: MET\n",
    "* Energy range (MeV): 100,500000\n",
    "* LAT data type: Photon\n",
    "* Spacecraft data: yes\n",
    "\n",
    "The raw data with these selections can be downloaded using wget."
   ]
  },
  {
   "cell_type": "code",
   "execution_count": 8,
   "metadata": {},
   "outputs": [],
   "source": [
    "# # Set up a subdirectory for the data\n",
    "# !mkdir -p SMC_data/PH\n",
    "# !mkdir -p SMC_data/SC\n",
    "\n",
    "# # Download the data and place into the subdirectory\n",
    "# !wget -P ./SMC_data/PH/ https://fermi.gsfc.nasa.gov/FTP/fermi/data/lat/queries/L240613164330AE56FF4635_PH00.fits\n",
    "# !wget -P ./SMC_data/PH/ https://fermi.gsfc.nasa.gov/FTP/fermi/data/lat/queries/L240613164330AE56FF4635_PH01.fits\n",
    "# !wget -P ./SMC_data/PH/ https://fermi.gsfc.nasa.gov/FTP/fermi/data/lat/queries/L240613164330AE56FF4635_PH02.fits\n",
    "# !wget -P ./SMC_data/PH/ https://fermi.gsfc.nasa.gov/FTP/fermi/data/lat/queries/L240613164330AE56FF4635_PH03.fits\n",
    "# !wget -P ./SMC_data/PH/ https://fermi.gsfc.nasa.gov/FTP/fermi/data/lat/queries/L240613164330AE56FF4635_PH04.fits\n",
    "# !wget -P ./SMC_data/PH/ https://fermi.gsfc.nasa.gov/FTP/fermi/data/lat/queries/L240613164330AE56FF4635_PH05.fits\n",
    "# !wget -P ./SMC_data/PH/ https://fermi.gsfc.nasa.gov/FTP/fermi/data/lat/queries/L240613164330AE56FF4635_PH06.fits\n",
    "\n",
    "# !wget -P ./SMC_data/SC/ https://fermi.gsfc.nasa.gov/FTP/fermi/data/lat/queries/L240613164330AE56FF4635_SC00.fits\n",
    "\n",
    "# # Make a file list\n",
    "# !ls ./SMC_data/PH/*PH*.fits > ./SMC_data/PH.txt"
   ]
  },
  {
   "cell_type": "markdown",
   "metadata": {},
   "source": [
    "Note that processing the raw photon and spacecraft files can take multiple hours. Alternatively, you can download the pre-processed data from github."
   ]
  },
  {
   "cell_type": "code",
   "execution_count": 9,
   "metadata": {},
   "outputs": [],
   "source": [
    "import os\n",
    "if os.path.isfile('./../data/SMC_data.tar.gz'):\n",
    "    !tar xzf ./../data/SMC_data.tar.gz\n",
    "else:\n",
    "    !curl -OL --output-dir ./../data/ https://raw.githubusercontent.com/fermiPy/fermipy-extras/master/data/SMC_data.tar.gz\n",
    "    !tar xzf ./../data/SMC_data.tar.gz"
   ]
  },
  {
   "cell_type": "markdown",
   "metadata": {},
   "source": [
    "## Configuration file:"
   ]
  },
  {
   "cell_type": "markdown",
   "metadata": {},
   "source": [
    "The first step is to compose a configuration file that defines the data selection and analysis parameters. Fermipy uses YAML files to read and write its configuration in a persistent format. The configuration file has a hierarchical structure that groups parameters into dictionaries that are keyed to a section name (data, binning, etc.). Below I report a sample of configuration applied for an analysis of the SMC:"
   ]
  },
  {
   "cell_type": "code",
   "execution_count": 10,
   "metadata": {},
   "outputs": [],
   "source": [
    "import os\n",
    "import numpy as np\n",
    "from fermipy.gtanalysis import GTAnalysis\n",
    "from fermipy.plotting import ROIPlotter, SEDPlotter\n",
    "import matplotlib.pyplot as plt\n",
    "import matplotlib"
   ]
  },
  {
   "cell_type": "code",
   "execution_count": 11,
   "metadata": {},
   "outputs": [
    {
     "name": "stdout",
     "output_type": "stream",
     "text": [
      "data:\n",
      "  evfile : './SMC_data/PH.txt'\n",
      "  scfile : './SMC_data/SC/SC_copy.fits'\n",
      "  ltcube : 'ltcube_00.fits'\n",
      "\n",
      "binning:\n",
      "  roiwidth   : 12.0\n",
      "  binsz      : 0.08\n",
      "  binsperdec : 8\n",
      "  coordsys   : 'GAL'\n",
      "\n",
      "selection :\n",
      "  emin : 1000\n",
      "  emax : 500000\n",
      "  tmin : 239557417\n",
      "  tmax : 512994417\n",
      "  zmax    : 105\n",
      "  evclass : 128\n",
      "  evtype  : 3\n",
      "  glon: 302.25\n",
      "  glat : -44.37\n",
      " \n",
      "gtlike:\n",
      "  edisp : True\n",
      "  irfs : 'P8R2_SOURCE_V6'\n",
      "  edisp_disable : ['isodiff','galdiff']\n",
      "\n",
      "model:\n",
      "  src_roiwidth : 12.0\n",
      "  galdiff  : '$FERMI_DIFFUSE_DIR/gll_iem_v07.fits'\n",
      "  isodiff  : '$FERMI_DIFFUSE_DIR/iso_P8R2_SOURCE_V6_v06.txt'  \n",
      "  catalogs: gll_psc_v16.fit\n",
      "\n",
      "fileio:\n",
      "  usescratch: False\n",
      "  outdir : SMC_data"
     ]
    }
   ],
   "source": [
    "!cat ./SMC_data/config.yaml"
   ]
  },
  {
   "cell_type": "markdown",
   "metadata": {},
   "source": [
    "The configuration file has the same structure as the configuration dictionary such that one can read/write configurations using the load/dump methods of the yaml module:"
   ]
  },
  {
   "cell_type": "code",
   "execution_count": 12,
   "metadata": {},
   "outputs": [],
   "source": [
    "import yaml\n",
    "# Load a configuration\n",
    "config = yaml.load(open('./SMC_data/config.yaml'), Loader=yaml.FullLoader)\n",
    "# Update a parameter and write a new configuration\n",
    "config['selection']['emin'] = 1000.\n",
    "yaml.dump(config, open('new_config.yaml','w'))"
   ]
  },
  {
   "cell_type": "markdown",
   "metadata": {},
   "source": [
    "The data section defines the input data set and spacecraft file for the analysis. Here evfile points to a list of FT1 files that encompass the chosen ROI, energy range, and time selection.\n",
    "The parameters in the binning section define the dimensions of the ROI and the spatial and energy bin size.\n",
    "The selection section defines parameters related to the data selection (energy range, zmax cut, and event class/type). The target parameter in this section defines the ROI center to have the same coordinates as the given source.\n",
    "The model section defines parameters related to the ROI model definition (diffuse templates, point sources).\n",
    "Fermipy gives the user the option to combine multiple data selections into a joint likelihood with the components section. For more informations on this visit: http://fermipy.readthedocs.io/en/latest/quickstart.html"
   ]
  },
  {
   "cell_type": "markdown",
   "metadata": {},
   "source": [
    "Note that the setup for a joint analysis is identical to the above except for the modification to the components section.  The following example shows the components configuration one would use to define a joint analysis with the four PSF event types:\n",
    "```python\n",
    "components:\n",
    "  - { selection : { evtype : 4  } }\n",
    "  - { selection : { evtype : 8  } }\n",
    "  - { selection : { evtype : 16 } }\n",
    "  - { selection : { evtype : 32 } }\n",
    "```"
   ]
  },
  {
   "cell_type": "markdown",
   "metadata": {},
   "source": [
    "## Start your run"
   ]
  },
  {
   "cell_type": "markdown",
   "metadata": {},
   "source": [
    "First of all you need to load the configuration file, create the object gta and run the tool gta.setup that implements the ST gtselect, gtmktime, gtbin, gtexpcube, gtsrcmap tools"
   ]
  },
  {
   "cell_type": "markdown",
   "metadata": {},
   "source": [
    "Begin the setup routine. As most of the files are included, only the source-map should be created. Will take ~5min."
   ]
  },
  {
   "cell_type": "code",
   "execution_count": 13,
   "metadata": {},
   "outputs": [
    {
     "name": "stderr",
     "output_type": "stream",
     "text": [
      "2024-08-17 15:48:00 INFO    GTAnalysis.__init__(): \n",
      "--------------------------------------------------------------------------------\n",
      "fermipy version 1.2.2 \n",
      "ScienceTools version 2.2.0\n",
      "2024-08-17 15:48:01 INFO    GTAnalysis.setup(): Running setup.\n",
      "2024-08-17 15:48:01 INFO    GTBinnedAnalysis.setup(): Running setup for component 00\n",
      "2024-08-17 15:48:01 INFO    GTBinnedAnalysis._select_data(): Skipping data selection.\n",
      "2024-08-17 15:48:01 INFO    GTBinnedAnalysis.setup(): Using external LT cube.\n"
     ]
    },
    {
     "name": "stdout",
     "output_type": "stream",
     "text": [
      "{'Prefactor': 0, 'Index1': 1, 'Scale': 2, 'Cutoff': 3, 'Index2': 4}\n"
     ]
    },
    {
     "name": "stderr",
     "output_type": "stream",
     "text": [
      "2024-08-17 15:48:02 INFO    GTBinnedAnalysis._create_expcube(): Skipping gtexpcube.\n",
      "WARNING: FITSFixedWarning: 'datfix' made the change 'Set DATEREF to '2001-01-01T00:01:04.184' from MJDREF.\n",
      "Set MJD-OBS to 54682.655283 from DATE-OBS.\n",
      "Set MJD-END to 57847.435324 from DATE-END'. [astropy.wcs.wcs]\n",
      "2024-08-17 15:48:02 INFO    GTBinnedAnalysis.run_gtapp(): Running gtsrcmaps.\n",
      "2024-08-17 15:48:02 INFO    GTBinnedAnalysis.run_gtapp(): time -p gtsrcmaps scfile=./SMC_data/SC/SC_copy.fits sctable=\"SC_DATA\" expcube=/home/pmarinos/Documents/fermipyextra_branches/fermipy-extra/notebooks/SMC_data/ltcube_00.fits cmap=/home/pmarinos/Documents/fermipyextra_branches/fermipy-extra/notebooks/SMC_data/ccube_00.fits srcmdl=/home/pmarinos/Documents/fermipyextra_branches/fermipy-extra/notebooks/SMC_data/srcmdl_00.xml bexpmap=/home/pmarinos/Documents/fermipyextra_branches/fermipy-extra/notebooks/SMC_data/bexpmap_00.fits wmap=none outfile=/home/pmarinos/Documents/fermipyextra_branches/fermipy-extra/notebooks/SMC_data/srcmap_00.fits irfs=\"P8R2_SOURCE_V6\" evtype=3 convol=yes resample=yes rfactor=2 minbinsz=0.05 ptsrc=yes psfcorr=yes emapbnds=no edisp_bins=-1 copyall=no chatter=3 clobber=yes debug=no gui=no mode=\"ql\"\n",
      "2024-08-17 15:48:02 INFO    GTBinnedAnalysis.run_gtapp(): This is gtsrcmaps version HEAD\n",
      "2024-08-17 15:48:02 INFO    GTBinnedAnalysis.run_gtapp(): Using evtype=3 (i.e., FRONT/BACK irfs)\n",
      "2024-08-17 15:48:02 INFO    GTBinnedAnalysis.run_gtapp(): ResponseFunctions::load: IRF used: P8R2_SOURCE_V6\n",
      "2024-08-17 15:48:02 INFO    GTBinnedAnalysis.run_gtapp(): event_types:  0  1\n",
      "2024-08-17 15:48:12 INFO    GTBinnedAnalysis.run_gtapp(): Creating source named 3FGL J0059.0-7242e\n",
      "2024-08-17 15:48:12 INFO    GTBinnedAnalysis.run_gtapp(): Creating source named 3FGL J0112.9-7506\n",
      "2024-08-17 15:48:12 INFO    GTBinnedAnalysis.run_gtapp(): Creating source named 3FGL J0023.9-7203\n",
      "2024-08-17 15:48:12 INFO    GTBinnedAnalysis.run_gtapp(): Creating source named 3FGL J0029.1-7045\n",
      "2024-08-17 15:48:12 INFO    GTBinnedAnalysis.run_gtapp(): Creating source named 3FGL J0021.6-6835\n",
      "2024-08-17 15:48:12 INFO    GTBinnedAnalysis.run_gtapp(): Creating source named 3FGL J2351.9-7601\n",
      "2024-08-17 15:48:12 INFO    GTBinnedAnalysis.run_gtapp(): Creating source named 3FGL J2338.7-7401\n",
      "2024-08-17 15:48:12 INFO    GTBinnedAnalysis.run_gtapp(): Creating source named 3FGL J0146.4-6746\n",
      "2024-08-17 15:48:12 INFO    GTBinnedAnalysis.run_gtapp(): Creating source named 3FGL J2336.5-7620\n",
      "2024-08-17 15:48:12 INFO    GTBinnedAnalysis.run_gtapp(): Creating source named 3FGL J0002.0-6722\n",
      "2024-08-17 15:48:12 INFO    GTBinnedAnalysis.run_gtapp(): Creating source named isodiff\n",
      "2024-08-17 15:48:12 INFO    GTBinnedAnalysis.run_gtapp(): Creating source named galdiff\n",
      "2024-08-17 15:48:14 INFO    GTBinnedAnalysis.run_gtapp(): Generating SourceMap for 3FGL J0002.0-6722 23....................!\n",
      "2024-08-17 15:48:15 INFO    GTBinnedAnalysis.run_gtapp(): Generating SourceMap for 3FGL J0021.6-6835 23....................!\n",
      "2024-08-17 15:48:17 INFO    GTBinnedAnalysis.run_gtapp(): Generating SourceMap for 3FGL J0023.9-7203 23....................!\n",
      "2024-08-17 15:48:18 INFO    GTBinnedAnalysis.run_gtapp(): Generating SourceMap for 3FGL J0029.1-7045 23....................!\n",
      "2024-08-17 15:49:12 INFO    GTBinnedAnalysis.run_gtapp(): Generating SourceMap for 3FGL J0059.0-7242e 23....................!\n",
      "2024-08-17 15:49:13 INFO    GTBinnedAnalysis.run_gtapp(): Generating SourceMap for 3FGL J0112.9-7506 23....................!\n",
      "2024-08-17 15:49:15 INFO    GTBinnedAnalysis.run_gtapp(): Generating SourceMap for 3FGL J0146.4-6746 23....................!\n",
      "2024-08-17 15:49:16 INFO    GTBinnedAnalysis.run_gtapp(): Generating SourceMap for 3FGL J2336.5-7620 23....................!\n",
      "2024-08-17 15:49:17 INFO    GTBinnedAnalysis.run_gtapp(): Generating SourceMap for 3FGL J2338.7-7401 23....................!\n",
      "2024-08-17 15:49:19 INFO    GTBinnedAnalysis.run_gtapp(): Generating SourceMap for 3FGL J2351.9-7601 23....................!\n",
      "2024-08-17 15:50:19 INFO    GTBinnedAnalysis.run_gtapp(): Generating SourceMap for galdiff 23....................!\n",
      "2024-08-17 15:51:06 INFO    GTBinnedAnalysis.run_gtapp(): Generating SourceMap for isodiff 23....................!\n",
      "2024-08-17 15:51:06 INFO    GTBinnedAnalysis.run_gtapp(): Finished gtsrcmaps. Execution time: 184.22 s\n",
      "2024-08-17 15:51:06 INFO    GTBinnedAnalysis.setup(): Finished setup for component 00\n",
      "2024-08-17 15:51:06 INFO    GTBinnedAnalysis._create_binned_analysis(): Creating BinnedAnalysis for component 00.\n",
      "2024-08-17 15:51:18 INFO    GTAnalysis.setup(): Initializing source properties\n",
      "2024-08-17 15:51:24 INFO    GTAnalysis.setup(): Finished setup.\n"
     ]
    }
   ],
   "source": [
    "gta = GTAnalysis('new_config.yaml')\n",
    "gta.setup()"
   ]
  },
  {
   "cell_type": "code",
   "execution_count": 14,
   "metadata": {},
   "outputs": [
    {
     "name": "stderr",
     "output_type": "stream",
     "text": [
      "2024-08-17 15:51:24 INFO    GTAnalysis.print_model(): \n",
      "sourcename            offset    norm  eflux     index        ts       npred free\n",
      "--------------------------------------------------------------------------------\n",
      "3FGL J0059.0-7242e     0.088   1.059  1.45e-05   2.22       nan      1437.6     \n",
      "3FGL J0112.9-7506      2.572   1.172  1.31e-06   2.17       nan       120.3     \n",
      "3FGL J0023.9-7203      2.662   0.714   9.3e-06   2.65       nan      1679.9     \n",
      "3FGL J0029.1-7045      3.008   0.506  2.49e-06   2.28       nan       270.6     \n",
      "3FGL J0021.6-6835      5.122   1.859  5.27e-07   2.65       nan        84.2     \n",
      "3FGL J2351.9-7601      5.495   1.027  3.74e-06   1.69       nan       117.8     \n",
      "3FGL J2338.7-7401      5.777   0.677  4.38e-06   1.89       nan       213.7     \n",
      "3FGL J0146.4-6746      6.423   0.420  1.03e-06   2.39       nan       124.0     \n",
      "3FGL J2336.5-7620      6.454   0.557  1.66e-06   2.33       nan       187.3     \n",
      "3FGL J0002.0-6722      7.153   0.483  2.07e-06   1.95       nan       113.5     \n",
      "isodiff                  ---   1.000    0.0313   2.12       nan      9099.9     \n",
      "galdiff                  ---   1.000     0.132   0.00       nan     16777.6     \n",
      "\n"
     ]
    }
   ],
   "source": [
    "gta.print_model()"
   ]
  },
  {
   "cell_type": "code",
   "execution_count": 15,
   "metadata": {},
   "outputs": [
    {
     "name": "stderr",
     "output_type": "stream",
     "text": [
      "2024-08-17 15:51:24 INFO    GTAnalysis.free_source(): Freeing parameters for 3FGL J0059.0-7242e    : ['Prefactor', 'Index']\n",
      "2024-08-17 15:51:24 INFO    GTAnalysis.free_source(): Freeing parameters for 3FGL J0112.9-7506     : ['Prefactor', 'Index']\n",
      "2024-08-17 15:51:24 INFO    GTAnalysis.free_source(): Freeing parameters for 3FGL J0023.9-7203     : ['norm', 'alpha', 'beta']\n",
      "2024-08-17 15:51:24 INFO    GTAnalysis.free_source(): Freeing parameters for 3FGL J0029.1-7045     : ['Prefactor', 'Index']\n",
      "2024-08-17 15:51:24 INFO    GTAnalysis.free_source(): Freeing parameters for 3FGL J0021.6-6835     : ['Prefactor', 'Index']\n",
      "2024-08-17 15:51:24 INFO    GTAnalysis.free_source(): Freeing parameters for 3FGL J2351.9-7601     : ['Prefactor', 'Index']\n",
      "2024-08-17 15:51:24 INFO    GTAnalysis.free_source(): Freeing parameters for 3FGL J2338.7-7401     : ['Prefactor', 'Index']\n",
      "2024-08-17 15:51:24 INFO    GTAnalysis.free_source(): Freeing parameters for 3FGL J0146.4-6746     : ['Prefactor', 'Index']\n",
      "2024-08-17 15:51:24 INFO    GTAnalysis.free_source(): Freeing parameters for 3FGL J2336.5-7620     : ['Prefactor', 'Index']\n",
      "2024-08-17 15:51:24 INFO    GTAnalysis.free_source(): Freeing parameters for 3FGL J0002.0-6722     : ['Prefactor', 'Index']\n",
      "2024-08-17 15:51:24 INFO    GTAnalysis.free_source(): Freeing parameters for isodiff               : ['Normalization']\n",
      "2024-08-17 15:51:24 INFO    GTAnalysis.free_source(): Freeing parameters for galdiff               : ['Prefactor', 'Index']\n",
      "2024-08-17 15:51:24 INFO    GTAnalysis.fit(): Starting fit.\n"
     ]
    },
    {
     "name": "stdout",
     "output_type": "stream",
     "text": [
      "Drm_Cache::update Measured counts < 0 3FGL J0023.9-7203 21 -3.92429e-11 6.86055e-11\n",
      "508.548 476.301 383.986 267.676 161.68 85.2989 39.7061 16.4355 5.9306 1.87763 0.52174 0.127727 0.0277026 0.00525312 0.00086478 0.000124394 1.56781e-05 1.73055e-06 1.67578e-07 1.42376e-08 1.05942e-09 6.86055e-11 \n"
     ]
    },
    {
     "name": "stderr",
     "output_type": "stream",
     "text": [
      "/home/pmarinos/miniforge3/envs/fermipy/lib/python3.9/site-packages/scipy/interpolate/_fitpack2.py:313: UserWarning: \n",
      "The maximal number of iterations maxit (set to 20 by the program)\n",
      "allowed for finding a smoothing spline with fp=s has been reached: s\n",
      "too small.\n",
      "There is an approximation returned but the corresponding weighted sum\n",
      "of squared residuals does not satisfy the condition abs(fp-s)/s < tol.\n",
      "  warnings.warn(message)\n",
      "2024-08-17 15:51:40 INFO    GTAnalysis.fit(): Fit returned successfully. Quality:   3 Status:   0\n",
      "2024-08-17 15:51:40 INFO    GTAnalysis.fit(): LogLike:   -73815.272 DeltaLogLike:      154.334 \n"
     ]
    },
    {
     "data": {
      "text/plain": [
       "{'fit_quality': 3,\n",
       " 'fit_status': 0,\n",
       " 'fit_success': True,\n",
       " 'dloglike': 154.33350336243166,\n",
       " 'edm': 0.00040817174676986245,\n",
       " 'loglike': -73815.27176892347,\n",
       " 'covariance': array([[ 4.98571048e-03,  4.07251389e-03, -2.54532021e-04,\n",
       "         -5.78972632e-05,  1.77001865e-05,  3.75091363e-05,\n",
       "         -1.21452409e-05,  1.67954117e-05,  1.30485290e-05,\n",
       "          9.50166404e-05,  1.01977968e-05,  4.96423895e-05,\n",
       "          1.55702488e-05,  4.74407335e-05,  2.57854615e-05,\n",
       "          2.75712397e-05,  2.82884366e-05,  2.24037483e-05,\n",
       "          1.78679609e-05,  3.26236510e-05,  1.88846184e-05,\n",
       "         -1.86837634e-05, -3.89180313e-05, -1.07154762e-04],\n",
       "        [ 4.07251389e-03,  1.88425372e-02, -4.94709427e-04,\n",
       "         -7.57633023e-05,  2.37483063e-05,  4.83155053e-05,\n",
       "         -1.25102366e-05,  2.08193908e-05,  2.69551614e-05,\n",
       "          1.76664373e-04,  6.24318465e-05,  7.44724284e-05,\n",
       "          3.37920653e-05,  4.82951204e-05,  3.62066614e-05,\n",
       "          4.90329536e-05,  6.45150368e-05,  2.30247459e-05,\n",
       "          2.98071894e-05,  2.66787585e-05,  3.92225864e-05,\n",
       "         -9.21043632e-05, -8.08092265e-05, -2.55399335e-05],\n",
       "        [-2.54532021e-04, -4.94709427e-04,  2.42814884e+00,\n",
       "          6.74241295e-01,  2.86690555e-04,  6.21833596e-04,\n",
       "         -1.68568021e-04, -3.75295644e-04, -5.09985898e-04,\n",
       "          2.55642065e-03,  9.47281867e-04,  7.53719995e-04,\n",
       "          4.19538977e-04,  1.07843872e-03,  7.43424504e-04,\n",
       "          5.83741135e-04,  8.84447133e-04,  3.90170936e-04,\n",
       "          4.73678499e-04,  2.31274366e-04,  5.31518980e-04,\n",
       "         -7.47119288e-04, -2.05556596e-03, -2.59554361e-03],\n",
       "        [-5.78972632e-05, -7.57633023e-05,  6.74241295e-01,\n",
       "          2.44610902e-01,  3.45341096e-05,  7.88453536e-05,\n",
       "         -1.48121171e-05, -6.93763722e-05, -8.27501964e-05,\n",
       "          3.87021084e-04,  2.43489755e-04,  1.97353130e-05,\n",
       "          6.03050388e-05,  1.28286915e-04,  1.16245874e-04,\n",
       "          6.01811569e-05,  1.46288940e-04,  2.48863968e-05,\n",
       "          6.78135444e-05, -6.42537969e-05,  8.03235455e-05,\n",
       "         -1.42246537e-04, -4.52563942e-04, -3.41689285e-04],\n",
       "        [ 1.77001865e-05,  2.37483063e-05,  2.86690555e-04,\n",
       "          3.45341096e-05,  2.98482327e-03,  9.28936792e-03,\n",
       "         -3.42644770e-03, -1.48019110e-04, -2.05809063e-04,\n",
       "         -1.42811266e-04, -5.28177780e-05,  3.13922485e-05,\n",
       "          1.65878012e-05,  4.06809152e-05,  2.75636024e-05,\n",
       "          1.87630613e-05,  2.89427589e-05,  8.88328461e-06,\n",
       "          9.60904560e-06,  5.72117820e-06,  1.52158553e-05,\n",
       "         -2.30608221e-05, -7.65189956e-05, -1.04686804e-04],\n",
       "        [ 3.75091363e-05,  4.83155053e-05,  6.21833596e-04,\n",
       "          7.88453536e-05,  9.28936792e-03,  3.46068811e-02,\n",
       "         -1.40838200e-02, -2.90759521e-04, -4.66575801e-04,\n",
       "         -3.22337842e-04, -1.34181327e-04,  2.51024854e-05,\n",
       "          2.46396805e-05,  9.80682675e-05,  6.60889055e-05,\n",
       "          2.20830456e-05,  4.89283655e-05,  1.58188741e-05,\n",
       "          1.66628937e-05, -9.02006881e-06,  2.34522705e-05,\n",
       "         -2.97673621e-06, -2.13849556e-04, -3.43662039e-04],\n",
       "        [-1.21452409e-05, -1.25102366e-05, -1.68568021e-04,\n",
       "         -1.48121171e-05, -3.42644770e-03, -1.40838200e-02,\n",
       "          6.30834129e-03,  8.01970755e-05,  1.34732751e-04,\n",
       "          9.64608750e-05,  4.15845404e-05, -4.64048163e-08,\n",
       "         -3.81981363e-06, -3.19115405e-05, -1.99368857e-05,\n",
       "         -2.09455169e-06, -8.74809200e-06, -4.88820017e-06,\n",
       "         -3.38777696e-06,  3.68086784e-06, -3.58826146e-06,\n",
       "         -1.46351148e-05,  6.56431087e-05,  1.32233176e-04],\n",
       "        [ 1.67954117e-05,  2.08193908e-05, -3.75295644e-04,\n",
       "         -6.93763722e-05, -1.48019110e-04, -2.90759521e-04,\n",
       "          8.01970755e-05,  3.28629292e-03,  4.06709069e-03,\n",
       "         -2.67355186e-06, -4.13432569e-06,  5.22590978e-05,\n",
       "          1.96893252e-05,  3.21446516e-05,  2.04969897e-05,\n",
       "          2.84422084e-05,  3.30135278e-05,  1.61053824e-05,\n",
       "          1.64205345e-05,  2.36642334e-05,  2.07913988e-05,\n",
       "         -4.25468447e-05, -3.47143376e-05, -3.43962021e-05],\n",
       "        [ 1.30485290e-05,  2.69551614e-05, -5.09985898e-04,\n",
       "         -8.27501964e-05, -2.05809063e-04, -4.66575801e-04,\n",
       "          1.34732751e-04,  4.06709069e-03,  1.17841263e-02,\n",
       "          3.13755230e-06,  6.95020983e-06,  5.10869899e-05,\n",
       "          2.61919698e-05,  3.16228756e-05,  2.62823835e-05,\n",
       "          3.32850510e-05,  4.78726295e-05,  1.34905519e-05,\n",
       "          2.08847510e-05,  1.10568003e-05,  2.84003491e-05,\n",
       "         -6.99617880e-05, -6.99566720e-05, -1.23203229e-05],\n",
       "        [ 9.50166404e-05,  1.76664373e-04,  2.55642065e-03,\n",
       "          3.87021084e-04, -1.42811266e-04, -3.22337842e-04,\n",
       "          9.64608750e-05, -2.67355186e-06,  3.13755230e-06,\n",
       "          1.30266793e-02,  5.76991042e-03, -1.42127889e-04,\n",
       "         -5.66370936e-05,  1.62226137e-04,  1.31862669e-04,\n",
       "          2.17665453e-04,  2.82310679e-04,  8.73111851e-05,\n",
       "          1.21739476e-04,  1.11517198e-04,  1.67572332e-04,\n",
       "         -4.56955040e-04, -2.84144002e-04,  1.08612143e-04],\n",
       "        [ 1.01977968e-05,  6.24318465e-05,  9.47281867e-04,\n",
       "          2.43489755e-04, -5.28177780e-05, -1.34181327e-04,\n",
       "          4.15845404e-05, -4.13432569e-06,  6.95020983e-06,\n",
       "          5.76991042e-03,  3.72936210e-03, -3.74885149e-05,\n",
       "         -1.41795605e-05,  3.56539860e-05,  4.91728841e-05,\n",
       "          6.32523985e-05,  1.11223754e-04,  1.07875460e-05,\n",
       "          4.20040470e-05, -1.84884026e-05,  6.16536171e-05,\n",
       "         -1.88778330e-04, -1.84654595e-04,  8.56894141e-05],\n",
       "        [ 4.96423895e-05,  7.44724284e-05,  7.53719995e-04,\n",
       "          1.97353130e-05,  3.13922485e-05,  2.51024854e-05,\n",
       "         -4.64048163e-08,  5.22590978e-05,  5.10869899e-05,\n",
       "         -1.42127889e-04, -3.74885149e-05,  3.73142150e-02,\n",
       "          1.32906663e-02,  5.16972452e-05,  3.61775588e-05,\n",
       "          1.31700623e-04,  1.32947857e-04,  5.22632564e-05,\n",
       "          5.50981708e-05,  1.20520621e-04,  8.36596892e-05,\n",
       "         -2.69885501e-04,  4.01340517e-05,  2.85529918e-04],\n",
       "        [ 1.55702488e-05,  3.37920653e-05,  4.19538977e-04,\n",
       "          6.03050388e-05,  1.65878012e-05,  2.46396805e-05,\n",
       "         -3.81981363e-06,  1.96893252e-05,  2.61919698e-05,\n",
       "         -5.66370936e-05, -1.41795605e-05,  1.32906663e-02,\n",
       "          1.22798456e-02,  2.17516790e-05,  2.06135956e-05,\n",
       "          4.95771637e-05,  6.03621865e-05,  1.65273709e-05,\n",
       "          2.41889816e-05,  2.86961452e-05,  3.62065805e-05,\n",
       "         -1.14850906e-04, -2.88120068e-05,  9.79975229e-05],\n",
       "        [ 4.74407335e-05,  4.82951204e-05,  1.07843872e-03,\n",
       "          1.28286915e-04,  4.06809152e-05,  9.80682675e-05,\n",
       "         -3.19115405e-05,  3.21446516e-05,  3.16228756e-05,\n",
       "          1.62226137e-04,  3.56539860e-05,  5.16972452e-05,\n",
       "          2.17516790e-05,  9.38070891e-03,  8.10022834e-03,\n",
       "          3.53648266e-05,  4.65696083e-05,  3.56614185e-05,\n",
       "          3.18687802e-05,  3.18286785e-05,  2.97170675e-05,\n",
       "         -4.77780692e-06, -1.32107471e-04, -2.87817571e-04],\n",
       "        [ 2.57854615e-05,  3.62066614e-05,  7.43424504e-04,\n",
       "          1.16245874e-04,  2.75636024e-05,  6.60889055e-05,\n",
       "         -1.99368857e-05,  2.04969897e-05,  2.62823835e-05,\n",
       "          1.31862669e-04,  4.91728841e-05,  3.61775588e-05,\n",
       "          2.06135956e-05,  8.10022834e-03,  1.31256456e-02,\n",
       "          2.87686303e-05,  4.41209336e-05,  1.98572047e-05,\n",
       "          2.41027047e-05,  1.09625334e-05,  2.65190273e-05,\n",
       "         -3.54352661e-05, -1.05750507e-04, -1.36802157e-04],\n",
       "        [ 2.75712397e-05,  4.90329536e-05,  5.83741135e-04,\n",
       "          6.01811569e-05,  1.87630613e-05,  2.20830456e-05,\n",
       "         -2.09455169e-06,  2.84422084e-05,  3.32850510e-05,\n",
       "          2.17665453e-04,  6.32523985e-05,  1.31700623e-04,\n",
       "          4.95771637e-05,  3.53648266e-05,  2.87686303e-05,\n",
       "          7.11364841e-03,  9.58417860e-03, -4.88274689e-06,\n",
       "         -2.81722105e-06, -4.90622609e-04, -4.53545618e-04,\n",
       "         -1.64150264e-04, -1.94224690e-05,  1.41485729e-04],\n",
       "        [ 2.82884366e-05,  6.45150368e-05,  8.84447133e-04,\n",
       "          1.46288940e-04,  2.89427589e-05,  4.89283655e-05,\n",
       "         -8.74809200e-06,  3.30135278e-05,  4.78726295e-05,\n",
       "          2.82310679e-04,  1.11223754e-04,  1.32947857e-04,\n",
       "          6.03621865e-05,  4.65696083e-05,  4.41209336e-05,\n",
       "          9.58417860e-03,  2.27429070e-02, -8.65248532e-06,\n",
       "         -1.90985927e-06, -4.30218150e-04, -5.67254919e-04,\n",
       "         -2.00628633e-04, -8.87877732e-05,  1.30761586e-04],\n",
       "        [ 2.24037483e-05,  2.30247459e-05,  3.90170936e-04,\n",
       "          2.48863968e-05,  8.88328461e-06,  1.58188741e-05,\n",
       "         -4.88820017e-06,  1.61053824e-05,  1.34905519e-05,\n",
       "          8.73111851e-05,  1.07875460e-05,  5.22632564e-05,\n",
       "          1.65273709e-05,  3.56614185e-05,  1.98572047e-05,\n",
       "         -4.88274689e-06, -8.65248532e-06,  3.90067021e-03,\n",
       "          1.49193303e-03, -1.06687376e-05, -1.49090030e-05,\n",
       "         -3.32588204e-05, -2.15483042e-05, -4.87914585e-05],\n",
       "        [ 1.78679609e-05,  2.98071894e-05,  4.73678499e-04,\n",
       "          6.78135444e-05,  9.60904560e-06,  1.66628937e-05,\n",
       "         -3.38777696e-06,  1.64205345e-05,  2.08847510e-05,\n",
       "          1.21739476e-04,  4.20040470e-05,  5.50981708e-05,\n",
       "          2.41889816e-05,  3.18687802e-05,  2.41027047e-05,\n",
       "         -2.81722105e-06, -1.90985927e-06,  1.49193303e-03,\n",
       "          8.62340969e-03, -1.64081890e-05, -1.34059726e-05,\n",
       "         -6.89088566e-05, -5.00911622e-05, -3.38388902e-06],\n",
       "        [ 3.26236510e-05,  2.66787585e-05,  2.31274366e-04,\n",
       "         -6.42537969e-05,  5.72117820e-06, -9.02006881e-06,\n",
       "          3.68086784e-06,  2.36642334e-05,  1.10568003e-05,\n",
       "          1.11517198e-04, -1.84884026e-05,  1.20520621e-04,\n",
       "          2.86961452e-05,  3.18286785e-05,  1.09625334e-05,\n",
       "         -4.90622609e-04, -4.30218150e-04, -1.06687376e-05,\n",
       "         -1.64081890e-05,  2.55714818e-02, -5.24793824e-03,\n",
       "         -8.15057385e-05,  7.06541623e-05,  7.82582840e-05],\n",
       "        [ 1.88846184e-05,  3.92225864e-05,  5.31518980e-04,\n",
       "          8.03235455e-05,  1.52158553e-05,  2.34522705e-05,\n",
       "         -3.58826146e-06,  2.07913988e-05,  2.84003491e-05,\n",
       "          1.67572332e-04,  6.16536171e-05,  8.36596892e-05,\n",
       "          3.62065805e-05,  2.97170675e-05,  2.65190273e-05,\n",
       "         -4.53545618e-04, -5.67254919e-04, -1.49090030e-05,\n",
       "         -1.34059726e-05, -5.24793824e-03,  9.82307515e-03,\n",
       "         -1.20664981e-04, -4.70839462e-05,  7.78580913e-05],\n",
       "        [-1.86837634e-05, -9.21043632e-05, -7.47119288e-04,\n",
       "         -1.42246537e-04, -2.30608221e-05, -2.97673621e-06,\n",
       "         -1.46351148e-05, -4.25468447e-05, -6.99617880e-05,\n",
       "         -4.56955040e-04, -1.88778330e-04, -2.69885501e-04,\n",
       "         -1.14850906e-04, -4.77780692e-06, -3.54352661e-05,\n",
       "         -1.64150264e-04, -2.00628633e-04, -3.32588204e-05,\n",
       "         -6.89088566e-05, -8.15057385e-05, -1.20664981e-04,\n",
       "          4.47954799e-04,  1.42452741e-05, -6.26032629e-04],\n",
       "        [-3.89180313e-05, -8.08092265e-05, -2.05556596e-03,\n",
       "         -4.52563942e-04, -7.65189956e-05, -2.13849556e-04,\n",
       "          6.56431087e-05, -3.47143376e-05, -6.99566720e-05,\n",
       "         -2.84144002e-04, -1.84654595e-04,  4.01340517e-05,\n",
       "         -2.88120068e-05, -1.32107471e-04, -1.05750507e-04,\n",
       "         -1.94224690e-05, -8.87877732e-05, -2.15483042e-05,\n",
       "         -5.00911622e-05,  7.06541623e-05, -4.70839462e-05,\n",
       "          1.42452741e-05,  4.23523229e-04,  5.18007943e-04],\n",
       "        [-1.07154762e-04, -2.55399335e-05, -2.59554361e-03,\n",
       "         -3.41689285e-04, -1.04686804e-04, -3.43662039e-04,\n",
       "          1.32233176e-04, -3.43962021e-05, -1.23203229e-05,\n",
       "          1.08612143e-04,  8.56894141e-05,  2.85529918e-04,\n",
       "          9.79975229e-05, -2.87817571e-04, -1.36802157e-04,\n",
       "          1.41485729e-04,  1.30761586e-04, -4.87914585e-05,\n",
       "         -3.38388902e-06,  7.82582840e-05,  7.78580913e-05,\n",
       "         -6.26032629e-04,  5.18007943e-04,  1.86206151e-03]]),\n",
       " 'correlation': array([[ 1.00000000e+00,  4.20174175e-01, -2.31334948e-03,\n",
       "         -1.65789340e-03,  4.58833379e-03,  2.85556668e-03,\n",
